0.000000e+00 0.000000e+00 0.000000e+00 
1.100000e-19 0.000000e+00 0.000000e+00 
2.310000e-19 0.000000e+00 0.000000e+00 
3.641000e-19 0.000000e+00 0.000000e+00 
5.105100e-19 0.000000e+00 0.000000e+00 
6.715610e-19 0.000000e+00 0.000000e+00 
8.487171e-19 0.000000e+00 0.000000e+00 
1.043589e-18 0.000000e+00 0.000000e+00 
1.257948e-18 0.000000e+00 0.000000e+00 
1.493742e-18 0.000000e+00 0.000000e+00 
1.753117e-18 0.000000e+00 0.000000e+00 
2.038428e-18 0.000000e+00 0.000000e+00 
2.352271e-18 0.000000e+00 0.000000e+00 
2.697498e-18 0.000000e+00 0.000000e+00 
3.077248e-18 0.000000e+00 0.000000e+00 
3.494973e-18 0.000000e+00 0.000000e+00 
3.954470e-18 0.000000e+00 0.000000e+00 
4.459917e-18 0.000000e+00 0.000000e+00 
5.015909e-18 0.000000e+00 0.000000e+00 
5.627500e-18 0.000000e+00 0.000000e+00 
6.300250e-18 0.000000e+00 0.000000e+00 
7.040275e-18 0.000000e+00 0.000000e+00 
7.854302e-18 0.000000e+00 0.000000e+00 
8.749733e-18 0.000000e+00 0.000000e+00 
9.734706e-18 0.000000e+00 0.000000e+00 
1.081818e-17 0.000000e+00 0.000000e+00 
1.200999e-17 0.000000e+00 0.000000e+00 
1.332099e-17 0.000000e+00 0.000000e+00 
1.476309e-17 0.000000e+00 0.000000e+00 
1.634940e-17 0.000000e+00 0.000000e+00 
1.809434e-17 0.000000e+00 0.000000e+00 
2.001378e-17 0.000000e+00 0.000000e+00 
2.212515e-17 0.000000e+00 0.000000e+00 
2.444767e-17 0.000000e+00 0.000000e+00 
2.700244e-17 0.000000e+00 0.000000e+00 
2.981268e-17 0.000000e+00 0.000000e+00 
3.290395e-17 0.000000e+00 0.000000e+00 
3.630434e-17 0.000000e+00 0.000000e+00 
4.004478e-17 0.000000e+00 0.000000e+00 
4.415926e-17 0.000000e+00 0.000000e+00 
4.868518e-17 0.000000e+00 0.000000e+00 
5.366370e-17 0.000000e+00 0.000000e+00 
5.914007e-17 0.000000e+00 0.000000e+00 
6.516408e-17 0.000000e+00 0.000000e+00 
7.179048e-17 0.000000e+00 0.000000e+00 
7.907953e-17 0.000000e+00 0.000000e+00 
8.709749e-17 0.000000e+00 0.000000e+00 
9.591723e-17 0.000000e+00 0.000000e+00 
1.056190e-16 0.000000e+00 0.000000e+00 
1.162909e-16 0.000000e+00 0.000000e+00 
1.280299e-16 0.000000e+00 0.000000e+00 
1.409429e-16 0.000000e+00 0.000000e+00 
1.551472e-16 0.000000e+00 0.000000e+00 
1.707719e-16 0.000000e+00 0.000000e+00 
1.879591e-16 0.000000e+00 0.000000e+00 
2.068651e-16 0.000000e+00 0.000000e+00 
2.276616e-16 0.000000e+00 0.000000e+00 
2.505377e-16 0.000000e+00 0.000000e+00 
2.757015e-16 0.000000e+00 0.000000e+00 
3.033816e-16 0.000000e+00 0.000000e+00 
3.338298e-16 0.000000e+00 0.000000e+00 
3.673228e-16 0.000000e+00 0.000000e+00 
4.041651e-16 0.000000e+00 0.000000e+00 
4.446916e-16 0.000000e+00 0.000000e+00 
4.892707e-16 0.000000e+00 0.000000e+00 
5.383078e-16 0.000000e+00 0.000000e+00 
5.922486e-16 0.000000e+00 0.000000e+00 
6.515834e-16 0.000000e+00 0.000000e+00 
7.168518e-16 0.000000e+00 0.000000e+00 
7.886470e-16 0.000000e+00 0.000000e+00 
8.676217e-16 0.000000e+00 0.000000e+00 
9.544938e-16 0.000000e+00 0.000000e+00 
1.050053e-15 0.000000e+00 0.000000e+00 
1.155169e-15 0.000000e+00 0.000000e+00 
1.270795e-15 0.000000e+00 0.000000e+00 
1.397985e-15 0.000000e+00 0.000000e+00 
1.537893e-15 0.000000e+00 0.000000e+00 
1.691793e-15 0.000000e+00 0.000000e+00 
1.861082e-15 0.000000e+00 0.000000e+00 
2.047300e-15 0.000000e+00 0.000000e+00 
2.252140e-15 0.000000e+00 0.000000e+00 
2.477464e-15 0.000000e+00 0.000000e+00 
2.725321e-15 0.000000e+00 0.000000e+00 
2.997963e-15 0.000000e+00 0.000000e+00 
3.297869e-15 0.000000e+00 0.000000e+00 
3.627766e-15 0.000000e+00 0.000000e+00 
3.990653e-15 0.000000e+00 0.000000e+00 
4.389828e-15 0.000000e+00 0.000000e+00 
4.828921e-15 0.000000e+00 0.000000e+00 
5.311923e-15 0.000000e+00 0.000000e+00 
5.843225e-15 0.000000e+00 0.000000e+00 
6.427657e-15 0.000000e+00 0.000000e+00 
7.070533e-15 0.000000e+00 0.000000e+00 
7.777696e-15 0.000000e+00 0.000000e+00 
8.555576e-15 0.000000e+00 0.000000e+00 
9.411244e-15 0.000000e+00 0.000000e+00 
1.035248e-14 0.000000e+00 0.000000e+00 
1.138784e-14 0.000000e+00 0.000000e+00 
1.252673e-14 0.000000e+00 0.000000e+00 
1.377951e-14 0.000000e+00 0.000000e+00 
1.515757e-14 0.000000e+00 0.000000e+00 
1.667344e-14 0.000000e+00 0.000000e+00 
1.834090e-14 0.000000e+00 0.000000e+00 
2.017509e-14 0.000000e+00 0.000000e+00 
2.219271e-14 0.000000e+00 0.000000e+00 
2.441210e-14 0.000000e+00 0.000000e+00 
2.685341e-14 0.000000e+00 0.000000e+00 
2.953887e-14 0.000000e+00 0.000000e+00 
3.249286e-14 0.000000e+00 0.000000e+00 
3.574226e-14 0.000000e+00 0.000000e+00 
3.931660e-14 0.000000e+00 0.000000e+00 
4.324836e-14 0.000000e+00 0.000000e+00 
4.757331e-14 0.000000e+00 0.000000e+00 
5.233075e-14 0.000000e+00 0.000000e+00 
5.756394e-14 0.000000e+00 0.000000e+00 
6.332044e-14 0.000000e+00 0.000000e+00 
6.965260e-14 0.000000e+00 0.000000e+00 
7.661797e-14 0.000000e+00 0.000000e+00 
8.427987e-14 0.000000e+00 0.000000e+00 
9.270797e-14 0.000000e+00 0.000000e+00 
1.019789e-13 0.000000e+00 0.000000e+00 
1.121769e-13 0.000000e+00 0.000000e+00 
1.233947e-13 0.000000e+00 0.000000e+00 
1.357342e-13 0.000000e+00 0.000000e+00 
1.493078e-13 0.000000e+00 0.000000e+00 
1.642387e-13 0.000000e+00 0.000000e+00 
1.806626e-13 0.000000e+00 0.000000e+00 
1.987290e-13 0.000000e+00 0.000000e+00 
2.186020e-13 0.000000e+00 0.000000e+00 
2.404623e-13 0.000000e+00 0.000000e+00 
2.645087e-13 0.000000e+00 0.000000e+00 
2.909597e-13 0.000000e+00 0.000000e+00 
3.200557e-13 0.000000e+00 0.000000e+00 
3.520614e-13 0.000000e+00 0.000000e+00 
3.872677e-13 0.000000e+00 0.000000e+00 
4.259946e-13 0.000000e+00 0.000000e+00 
4.685941e-13 0.000000e+00 0.000000e+00 
5.154537e-13 0.000000e+00 0.000000e+00 
5.669991e-13 0.000000e+00 0.000000e+00 
6.236992e-13 0.000000e+00 0.000000e+00 
6.860692e-13 0.000000e+00 0.000000e+00 
7.546762e-13 0.000000e+00 0.000000e+00 
8.301439e-13 0.000000e+00 0.000000e+00 
9.131584e-13 0.000000e+00 0.000000e+00 
1.004474e-12 0.000000e+00 0.000000e+00 
1.104922e-12 0.000000e+00 0.000000e+00 
1.215414e-12 0.000000e+00 0.000000e+00 
1.336956e-12 0.000000e+00 0.000000e+00 
1.470651e-12 0.000000e+00 0.000000e+00 
1.617717e-12 0.000000e+00 0.000000e+00 
1.779489e-12 0.000000e+00 0.000000e+00 
1.957437e-12 0.000000e+00 0.000000e+00 
2.153181e-12 0.000000e+00 0.000000e+00 
2.368500e-12 0.000000e+00 0.000000e+00 
2.569529e-12 0.000000e+00 0.000000e+00 
2.759205e-12 0.000000e+00 0.000000e+00 
2.944810e-12 0.000000e+00 0.000000e+00 
3.131843e-12 0.000000e+00 0.000000e+00 
3.324556e-12 0.000000e+00 0.000000e+00 
3.526695e-12 0.000000e+00 0.000000e+00 
3.741999e-12 0.000000e+00 0.000000e+00 
3.974540e-12 0.000000e+00 0.000000e+00 
4.229046e-12 0.000000e+00 0.000000e+00 
4.509003e-12 0.000000e+00 0.000000e+00 
4.816956e-12 0.000000e+00 0.000000e+00 
5.155705e-12 0.000000e+00 0.000000e+00 
5.528328e-12 0.000000e+00 0.000000e+00 
5.938213e-12 0.000000e+00 0.000000e+00 
6.288203e-12 0.000000e+00 0.000000e+00 
6.581754e-12 0.000000e+00 0.000000e+00 
6.847922e-12 0.000000e+00 0.000000e+00 
7.103494e-12 0.000000e+00 0.000000e+00 
7.357608e-12 0.000000e+00 0.000000e+00 
7.616333e-12 0.000000e+00 0.000000e+00 
7.884632e-12 0.000000e+00 0.000000e+00 
8.167271e-12 0.000000e+00 0.000000e+00 
8.469348e-12 0.000000e+00 0.000000e+00 
8.796763e-12 0.000000e+00 0.000000e+00 
9.156707e-12 0.000000e+00 0.000000e+00 
9.552645e-12 0.000000e+00 0.000000e+00 
9.988178e-12 0.000000e+00 0.000000e+00 
1.046726e-11 0.000000e+00 0.000000e+00 
1.099228e-11 0.000000e+00 0.000000e+00 
1.141256e-11 0.000000e+00 0.000000e+00 
1.176209e-11 0.000000e+00 0.000000e+00 
1.208009e-11 0.000000e+00 0.000000e+00 
1.238630e-11 0.000000e+00 0.000000e+00 
1.269109e-11 0.000000e+00 0.000000e+00 
1.300137e-11 0.000000e+00 0.000000e+00 
1.332284e-11 0.000000e+00 0.000000e+00 
1.366106e-11 0.000000e+00 0.000000e+00 
1.402204e-11 0.000000e+00 0.000000e+00 
1.441282e-11 0.000000e+00 0.000000e+00 
1.484215e-11 0.000000e+00 0.000000e+00 
1.531440e-11 0.000000e+00 0.000000e+00 
1.583389e-11 0.000000e+00 0.000000e+00 
1.640532e-11 0.000000e+00 0.000000e+00 
1.696774e-11 0.000000e+00 0.000000e+00 
1.742019e-11 0.000000e+00 0.000000e+00 
1.780629e-11 0.000000e+00 0.000000e+00 
1.816313e-11 0.000000e+00 0.000000e+00 
1.850946e-11 0.000000e+00 0.000000e+00 
1.885567e-11 0.000000e+00 0.000000e+00 
1.920904e-11 0.000000e+00 0.000000e+00 
1.957583e-11 0.000000e+00 0.000000e+00 
1.996228e-11 0.000000e+00 0.000000e+00 
2.037530e-11 0.000000e+00 0.000000e+00 
2.082310e-11 0.000000e+00 0.000000e+00 
2.131569e-11 0.000000e+00 0.000000e+00 
2.185753e-11 0.000000e+00 0.000000e+00 
2.245356e-11 0.000000e+00 0.000000e+00 
2.310919e-11 0.000000e+00 0.000000e+00 
2.368974e-11 0.000000e+00 0.000000e+00 
2.416024e-11 0.000000e+00 0.000000e+00 
2.457249e-11 0.000000e+00 0.000000e+00 
2.496001e-11 0.000000e+00 0.000000e+00 
2.533970e-11 0.000000e+00 0.000000e+00 
2.572159e-11 0.000000e+00 0.000000e+00 
2.611307e-11 0.000000e+00 0.000000e+00 
2.652084e-11 0.000000e+00 0.000000e+00 
2.695177e-11 0.000000e+00 0.000000e+00 
2.741372e-11 0.000000e+00 0.000000e+00 
2.791620e-11 0.000000e+00 0.000000e+00 
2.846892e-11 0.000000e+00 0.000000e+00 
2.907691e-11 0.000000e+00 0.000000e+00 
2.974571e-11 0.000000e+00 0.000000e+00 
3.048138e-11 0.000000e+00 0.000000e+00 
3.106728e-11 0.000000e+00 0.000000e+00 
3.154655e-11 0.000000e+00 0.000000e+00 
3.197773e-11 0.000000e+00 0.000000e+00 
3.239023e-11 0.000000e+00 0.000000e+00 
3.279884e-11 0.000000e+00 0.000000e+00 
3.321291e-11 0.000000e+00 0.000000e+00 
3.363992e-11 0.000000e+00 0.000000e+00 
3.408698e-11 0.000000e+00 0.000000e+00 
3.456176e-11 0.000000e+00 0.000000e+00 
3.507319e-11 0.000000e+00 0.000000e+00 
3.563242e-11 0.000000e+00 0.000000e+00 
3.624758e-11 0.000000e+00 0.000000e+00 
3.692425e-11 0.000000e+00 0.000000e+00 
3.766859e-11 0.000000e+00 0.000000e+00 
3.838182e-11 0.000000e+00 0.000000e+00 
3.895268e-11 0.000000e+00 0.000000e+00 
3.943979e-11 0.000000e+00 0.000000e+00 
3.989019e-11 0.000000e+00 0.000000e+00 
4.032731e-11 0.000000e+00 0.000000e+00 
4.076406e-11 0.000000e+00 0.000000e+00 
4.120938e-11 0.000000e+00 0.000000e+00 
4.167091e-11 0.000000e+00 0.000000e+00 
4.215629e-11 0.000000e+00 0.000000e+00 
4.267402e-11 0.000000e+00 0.000000e+00 
4.323431e-11 0.000000e+00 0.000000e+00 
4.385010e-11 0.000000e+00 0.000000e+00 
4.452748e-11 0.000000e+00 0.000000e+00 
4.527259e-11 0.000000e+00 0.000000e+00 
4.609222e-11 0.000000e+00 0.000000e+00 
4.678282e-11 0.000000e+00 0.000000e+00 
4.734200e-11 0.000000e+00 0.000000e+00 
4.783614e-11 0.000000e+00 0.000000e+00 
4.830347e-11 0.000000e+00 0.000000e+00 
4.876303e-11 0.000000e+00 0.000000e+00 
4.922623e-11 0.000000e+00 0.000000e+00 
4.970168e-11 0.000000e+00 0.000000e+00 
5.019727e-11 0.000000e+00 0.000000e+00 
5.072133e-11 0.000000e+00 0.000000e+00 
5.128338e-11 0.000000e+00 0.000000e+00 
5.189519e-11 0.000000e+00 0.000000e+00 
5.256817e-11 0.000000e+00 0.000000e+00 
5.330846e-11 0.000000e+00 0.000000e+00 
5.412277e-11 0.000000e+00 0.000000e+00 
5.495777e-11 0.000000e+00 0.000000e+00 
5.562017e-11 0.000000e+00 0.000000e+00 
5.617249e-11 0.000000e+00 0.000000e+00 
5.667601e-11 0.000000e+00 0.000000e+00 
5.716104e-11 0.000000e+00 0.000000e+00 
5.764340e-11 0.000000e+00 0.000000e+00 
5.813345e-11 0.000000e+00 0.000000e+00 
5.863970e-11 0.000000e+00 0.000000e+00 
5.917046e-11 0.000000e+00 0.000000e+00 
5.973481e-11 0.000000e+00 0.000000e+00 
6.034354e-11 0.000000e+00 0.000000e+00 
6.101028e-11 0.000000e+00 0.000000e+00 
6.174369e-11 0.000000e+00 0.000000e+00 
6.255045e-11 0.000000e+00 0.000000e+00 
6.343788e-11 0.000000e+00 0.000000e+00 
6.422278e-11 0.000000e+00 0.000000e+00 
6.485413e-11 0.000000e+00 0.000000e+00 
6.540381e-11 0.000000e+00 0.000000e+00 
6.591881e-11 0.000000e+00 0.000000e+00 
6.642241e-11 0.000000e+00 0.000000e+00 
6.692801e-11 0.000000e+00 0.000000e+00 
6.744529e-11 0.000000e+00 0.000000e+00 
6.798291e-11 0.000000e+00 0.000000e+00 
6.854970e-11 0.000000e+00 0.000000e+00 
6.915577e-11 0.000000e+00 0.000000e+00 
6.981344e-11 0.000000e+00 0.000000e+00 
7.053688e-11 0.000000e+00 0.000000e+00 
7.133267e-11 0.000000e+00 0.000000e+00 
7.220803e-11 0.000000e+00 0.000000e+00 
7.315370e-11 0.000000e+00 0.000000e+00 
7.389930e-11 0.000000e+00 0.000000e+00 
7.450956e-11 0.000000e+00 0.000000e+00 
7.505970e-11 0.000000e+00 0.000000e+00 
7.558678e-11 0.000000e+00 0.000000e+00 
7.610930e-11 0.000000e+00 0.000000e+00 
7.663893e-11 0.000000e+00 0.000000e+00 
7.718495e-11 0.000000e+00 0.000000e+00 
7.775627e-11 0.000000e+00 0.000000e+00 
7.836250e-11 0.000000e+00 0.000000e+00 
7.901509e-11 0.000000e+00 0.000000e+00 
7.972830e-11 0.000000e+00 0.000000e+00 
8.051284e-11 0.000000e+00 0.000000e+00 
8.137584e-11 0.000000e+00 0.000000e+00 
8.232513e-11 0.000000e+00 0.000000e+00 
8.319320e-11 0.000000e+00 0.000000e+00 
8.388850e-11 0.000000e+00 0.000000e+00 
8.448752e-11 0.000000e+00 0.000000e+00 
8.504504e-11 0.000000e+00 0.000000e+00 
8.558822e-11 0.000000e+00 0.000000e+00 
8.613219e-11 0.000000e+00 0.000000e+00 
8.668761e-11 0.000000e+00 0.000000e+00 
8.726379e-11 0.000000e+00 0.000000e+00 
8.787012e-11 0.000000e+00 0.000000e+00 
8.851727e-11 0.000000e+00 0.000000e+00 
8.921817e-11 0.000000e+00 0.000000e+00 
8.998916e-11 0.000000e+00 0.000000e+00 
