0.000000e+00 0.000000e+00 3.483656e+04 
1.100000e-19 0.000000e+00 3.483656e+04 
2.310000e-19 0.000000e+00 3.483656e+04 
3.641000e-19 0.000000e+00 3.483656e+04 
5.105100e-19 0.000000e+00 3.483656e+04 
6.715610e-19 0.000000e+00 3.483656e+04 
8.487171e-19 0.000000e+00 3.483656e+04 
1.043589e-18 0.000000e+00 3.483656e+04 
1.257948e-18 0.000000e+00 3.483656e+04 
1.493742e-18 0.000000e+00 3.483656e+04 
1.753117e-18 0.000000e+00 3.483656e+04 
2.038428e-18 0.000000e+00 3.483656e+04 
2.352271e-18 0.000000e+00 3.483656e+04 
2.697498e-18 0.000000e+00 3.483656e+04 
3.077248e-18 0.000000e+00 3.483656e+04 
3.494973e-18 0.000000e+00 3.483656e+04 
3.954470e-18 0.000000e+00 3.483656e+04 
4.459917e-18 0.000000e+00 3.483656e+04 
5.015909e-18 0.000000e+00 3.483656e+04 
5.627500e-18 0.000000e+00 3.483656e+04 
6.300250e-18 0.000000e+00 3.483656e+04 
7.040275e-18 0.000000e+00 3.483656e+04 
7.854302e-18 0.000000e+00 3.483656e+04 
8.749733e-18 0.000000e+00 3.483656e+04 
9.734706e-18 0.000000e+00 3.483656e+04 
1.081818e-17 0.000000e+00 3.483656e+04 
1.200999e-17 0.000000e+00 3.483656e+04 
1.332099e-17 0.000000e+00 3.483656e+04 
1.476309e-17 0.000000e+00 3.483656e+04 
1.634940e-17 0.000000e+00 3.483656e+04 
1.809434e-17 0.000000e+00 3.483657e+04 
2.001378e-17 0.000000e+00 3.483657e+04 
2.212515e-17 0.000000e+00 3.483657e+04 
2.444767e-17 0.000000e+00 3.483657e+04 
2.700244e-17 0.000000e+00 3.483658e+04 
2.981268e-17 0.000000e+00 3.483658e+04 
3.290395e-17 0.000000e+00 3.483658e+04 
3.630434e-17 0.000000e+00 3.483659e+04 
4.004478e-17 0.000000e+00 3.483660e+04 
4.415926e-17 0.000000e+00 3.483661e+04 
4.868518e-17 0.000000e+00 3.483662e+04 
5.366370e-17 0.000000e+00 3.483663e+04 
5.914007e-17 0.000000e+00 3.483665e+04 
6.516408e-17 0.000000e+00 3.483667e+04 
7.179048e-17 0.000000e+00 3.483669e+04 
7.907953e-17 0.000000e+00 3.483672e+04 
8.709749e-17 0.000000e+00 3.483675e+04 
9.591723e-17 0.000000e+00 3.483679e+04 
1.056190e-16 0.000000e+00 3.483684e+04 
1.162909e-16 0.000000e+00 3.483691e+04 
1.280299e-16 0.000000e+00 3.483698e+04 
1.409429e-16 0.000000e+00 3.483707e+04 
1.551472e-16 0.000000e+00 3.483718e+04 
1.707719e-16 0.000000e+00 3.483731e+04 
1.879591e-16 0.000000e+00 3.483746e+04 
2.068651e-16 0.000000e+00 3.483765e+04 
2.276616e-16 0.000000e+00 3.483788e+04 
2.505377e-16 0.000000e+00 3.483816e+04 
2.757015e-16 0.000000e+00 3.483850e+04 
3.033816e-16 0.000000e+00 3.483891e+04 
3.338298e-16 0.000000e+00 3.483940e+04 
3.673228e-16 0.000000e+00 3.483999e+04 
4.041651e-16 0.000000e+00 3.484070e+04 
4.446916e-16 0.000000e+00 3.484156e+04 
4.892707e-16 0.000000e+00 3.484260e+04 
5.383078e-16 0.000000e+00 3.484385e+04 
5.922486e-16 0.000000e+00 3.484536e+04 
6.515834e-16 0.000000e+00 3.484718e+04 
7.168518e-16 0.000000e+00 3.484937e+04 
7.886470e-16 0.000000e+00 3.485200e+04 
8.676217e-16 0.000000e+00 3.485517e+04 
9.544938e-16 0.000000e+00 3.485898e+04 
1.050053e-15 0.000000e+00 3.486355e+04 
1.155169e-15 0.000000e+00 3.486904e+04 
1.270795e-15 0.000000e+00 3.487562e+04 
1.397985e-15 0.000000e+00 3.488350e+04 
1.537893e-15 0.000000e+00 3.489294e+04 
1.691793e-15 0.000000e+00 3.490423e+04 
1.861082e-15 0.000000e+00 3.491771e+04 
2.047300e-15 0.000000e+00 3.493380e+04 
2.252140e-15 0.000000e+00 3.495296e+04 
2.477464e-15 0.000000e+00 3.497576e+04 
2.725321e-15 0.000000e+00 3.500285e+04 
2.997963e-15 0.000000e+00 3.503496e+04 
3.297869e-15 0.000000e+00 3.507298e+04 
3.627766e-15 0.000000e+00 3.511789e+04 
3.990653e-15 0.000000e+00 3.517084e+04 
4.389828e-15 0.000000e+00 3.523313e+04 
4.828921e-15 0.000000e+00 3.530622e+04 
5.311923e-15 0.000000e+00 3.539178e+04 
5.843225e-15 0.000000e+00 3.549168e+04 
6.427657e-15 0.000000e+00 3.560798e+04 
7.070533e-15 0.000000e+00 3.574299e+04 
7.777696e-15 0.000000e+00 3.589925e+04 
8.555576e-15 0.000000e+00 3.607956e+04 
9.411244e-15 0.000000e+00 3.628696e+04 
1.035248e-14 0.000000e+00 3.652477e+04 
1.138784e-14 0.000000e+00 3.679661e+04 
1.252673e-14 0.000000e+00 3.710639e+04 
1.377951e-14 0.000000e+00 3.745837e+04 
1.515757e-14 0.000000e+00 3.785716e+04 
1.667344e-14 0.000000e+00 3.830783e+04 
1.834090e-14 0.000000e+00 3.881592e+04 
2.017509e-14 0.000000e+00 3.938758e+04 
2.219271e-14 0.000000e+00 4.002964e+04 
2.441210e-14 0.000000e+00 4.074978e+04 
2.685341e-14 0.000000e+00 4.155670e+04 
2.953887e-14 0.000000e+00 4.246027e+04 
3.249286e-14 0.000000e+00 4.347182e+04 
3.574226e-14 0.000000e+00 4.460437e+04 
3.931660e-14 0.000000e+00 4.587293e+04 
4.324836e-14 0.000000e+00 4.729490e+04 
4.757331e-14 0.000000e+00 4.889043e+04 
5.233075e-14 0.000000e+00 5.068294e+04 
5.756394e-14 0.000000e+00 5.269974e+04 
6.332044e-14 0.000000e+00 5.497262e+04 
6.965260e-14 0.000000e+00 5.753881e+04 
7.661797e-14 0.000000e+00 6.044189e+04 
8.427987e-14 0.000000e+00 6.373305e+04 
9.270797e-14 0.000000e+00 6.747256e+04 
1.019789e-13 0.000000e+00 7.173155e+04 
1.121769e-13 0.000000e+00 7.659419e+04 
1.233947e-13 0.000000e+00 8.216034e+04 
1.357342e-13 0.000000e+00 8.854873e+04 
1.493078e-13 0.000000e+00 9.590088e+04 
1.642387e-13 0.000000e+00 1.043859e+05 
1.806626e-13 0.000000e+00 1.142060e+05 
1.987290e-13 0.000000e+00 1.256040e+05 
2.186020e-13 0.000000e+00 1.388711e+05 
2.404623e-13 0.000000e+00 1.543578e+05 
2.645087e-13 0.000000e+00 1.724858e+05 
2.909597e-13 0.000000e+00 1.937630e+05 
3.200557e-13 0.000000e+00 2.188013e+05 
3.520614e-13 0.000000e+00 2.483374e+05 
3.872677e-13 0.000000e+00 2.832585e+05 
4.259946e-13 0.000000e+00 3.246305e+05 
4.685941e-13 0.000000e+00 3.737328e+05 
5.154537e-13 0.000000e+00 4.320965e+05 
5.669991e-13 0.000000e+00 5.015482e+05 
6.236992e-13 0.000000e+00 5.842581e+05 
6.860692e-13 0.000000e+00 6.827912e+05 
7.546762e-13 0.000000e+00 8.001602e+05 
8.301439e-13 0.000000e+00 9.398760e+05 
9.131584e-13 0.000000e+00 1.105991e+06 
1.004474e-12 0.000000e+00 1.303128e+06 
1.104922e-12 0.000000e+00 1.536483e+06 
1.215414e-12 0.000000e+00 1.811789e+06 
1.336956e-12 0.000000e+00 2.135225e+06 
1.470651e-12 0.000000e+00 2.513242e+06 
1.617717e-12 0.000000e+00 2.952301e+06 
1.779489e-12 0.000000e+00 3.458495e+06 
1.957437e-12 0.000000e+00 4.037068e+06 
2.153181e-12 0.000000e+00 4.691859e+06 
2.368500e-12 0.000000e+00 5.424751e+06 
2.569543e-12 0.000000e+00 6.235255e+06 
2.759237e-12 0.000000e+00 6.986551e+06 
2.944859e-12 0.000000e+00 7.686016e+06 
3.131913e-12 0.000000e+00 8.358479e+06 
3.324647e-12 0.000000e+00 9.022029e+06 
3.526811e-12 0.000000e+00 9.689889e+06 
3.742142e-12 0.000000e+00 1.037324e+07 
3.974715e-12 0.000000e+00 1.108305e+07 
4.229260e-12 0.000000e+00 1.183147e+07 
4.509258e-12 0.000000e+00 1.263303e+07 
4.817257e-12 0.000000e+00 1.349899e+07 
5.156055e-12 0.000000e+00 1.443872e+07 
5.528733e-12 0.000000e+00 1.546290e+07 
5.938679e-12 0.000000e+00 1.658226e+07 
6.288821e-12 0.000000e+00 1.780571e+07 
6.582513e-12 0.000000e+00 1.884047e+07 
6.848806e-12 0.000000e+00 1.969964e+07 
7.104499e-12 0.000000e+00 2.047058e+07 
7.358736e-12 0.000000e+00 2.120234e+07 
7.617588e-12 0.000000e+00 2.192047e+07 
7.886023e-12 0.000000e+00 2.264096e+07 
8.168808e-12 0.000000e+00 2.337612e+07 
8.471046e-12 0.000000e+00 2.413727e+07 
8.798640e-12 0.000000e+00 2.493627e+07 
9.158788e-12 0.000000e+00 2.578680e+07 
9.554950e-12 0.000000e+00 2.670575e+07 
9.990729e-12 0.000000e+00 2.770062e+07 
1.047009e-11 0.000000e+00 2.877967e+07 
1.099574e-11 0.000000e+00 2.995187e+07 
1.141654e-11 0.000000e+00 3.122153e+07 
1.176648e-11 0.000000e+00 3.222497e+07 
1.208484e-11 0.000000e+00 3.305032e+07 
1.239141e-11 0.000000e+00 3.379351e+07 
1.269656e-11 0.000000e+00 3.450162e+07 
1.300720e-11 0.000000e+00 3.519842e+07 
1.332906e-11 0.000000e+00 3.589887e+07 
1.366769e-11 0.000000e+00 3.661461e+07 
1.402912e-11 0.000000e+00 3.735645e+07 
1.442040e-11 0.000000e+00 3.813577e+07 
1.485029e-11 0.000000e+00 3.896564e+07 
1.532316e-11 0.000000e+00 3.986238e+07 
1.584332e-11 0.000000e+00 4.083299e+07 
1.641549e-11 0.000000e+00 4.188439e+07 
1.697919e-11 0.000000e+00 4.302416e+07 
1.743271e-11 0.000000e+00 4.413131e+07 
1.781967e-11 0.000000e+00 4.501083e+07 
1.817728e-11 0.000000e+00 4.575318e+07 
1.852436e-11 0.000000e+00 4.643225e+07 
1.887132e-11 0.000000e+00 4.708452e+07 
1.922547e-11 0.000000e+00 4.772944e+07 
1.959307e-11 0.000000e+00 4.837985e+07 
1.998038e-11 0.000000e+00 4.904618e+07 
2.039433e-11 0.000000e+00 4.973831e+07 
2.084316e-11 0.000000e+00 5.046688e+07 
2.133687e-11 0.000000e+00 5.124428e+07 
2.187995e-11 0.000000e+00 5.208548e+07 
2.247734e-11 0.000000e+00 5.299567e+07 
2.313446e-11 0.000000e+00 5.398084e+07 
2.371723e-11 0.000000e+00 5.504742e+07 
2.418956e-11 0.000000e+00 5.597949e+07 
2.460333e-11 0.000000e+00 5.672567e+07 
2.499222e-11 0.000000e+00 5.737236e+07 
2.537325e-11 0.000000e+00 5.797403e+07 
2.575646e-11 0.000000e+00 5.855742e+07 
2.614932e-11 0.000000e+00 5.913778e+07 
2.655851e-11 0.000000e+00 5.972574e+07 
2.699097e-11 0.000000e+00 6.033033e+07 
2.745456e-11 0.000000e+00 6.096050e+07 
2.795883e-11 0.000000e+00 6.162599e+07 
2.851352e-11 0.000000e+00 6.233849e+07 
2.912368e-11 0.000000e+00 6.310945e+07 
2.979485e-11 0.000000e+00 6.394342e+07 
3.053314e-11 0.000000e+00 6.484560e+07 
3.112239e-11 0.000000e+00 6.582140e+07 
3.160441e-11 0.000000e+00 6.658885e+07 
3.203794e-11 0.000000e+00 6.720922e+07 
3.245260e-11 0.000000e+00 6.776129e+07 
3.286331e-11 0.000000e+00 6.828396e+07 
3.327949e-11 0.000000e+00 6.879631e+07 
3.370865e-11 0.000000e+00 6.930976e+07 
3.415796e-11 0.000000e+00 6.983297e+07 
3.463509e-11 0.000000e+00 7.037367e+07 
3.514909e-11 0.000000e+00 7.093979e+07 
3.571110e-11 0.000000e+00 7.154049e+07 
3.632932e-11 0.000000e+00 7.218676e+07 
3.700936e-11 0.000000e+00 7.288575e+07 
3.775740e-11 0.000000e+00 7.364158e+07 
3.847673e-11 0.000000e+00 7.445875e+07 
3.905246e-11 0.000000e+00 7.523196e+07 
3.954337e-11 0.000000e+00 7.584252e+07 
3.999706e-11 0.000000e+00 7.635720e+07 
4.043728e-11 0.000000e+00 7.682797e+07 
4.087708e-11 0.000000e+00 7.728011e+07 
4.132548e-11 0.000000e+00 7.772713e+07 
4.179019e-11 0.000000e+00 7.817789e+07 
4.227889e-11 0.000000e+00 7.863949e+07 
4.280015e-11 0.000000e+00 7.911871e+07 
4.336422e-11 0.000000e+00 7.962271e+07 
4.398416e-11 0.000000e+00 8.015988e+07 
4.466609e-11 0.000000e+00 8.074068e+07 
4.541621e-11 0.000000e+00 8.136871e+07 
4.624134e-11 0.000000e+00 8.204756e+07 
4.693936e-11 0.000000e+00 8.278112e+07 
4.750454e-11 0.000000e+00 8.339220e+07 
4.800360e-11 0.000000e+00 8.388079e+07 
4.847536e-11 0.000000e+00 8.430756e+07 
4.893918e-11 0.000000e+00 8.470690e+07 
4.940659e-11 0.000000e+00 8.509553e+07 
4.988631e-11 0.000000e+00 8.548310e+07 
5.038635e-11 0.000000e+00 8.587638e+07 
5.091505e-11 0.000000e+00 8.628130e+07 
5.148203e-11 0.000000e+00 8.670380e+07 
5.209915e-11 0.000000e+00 8.715040e+07 
5.277798e-11 0.000000e+00 8.762899e+07 
5.352469e-11 0.000000e+00 8.814675e+07 
5.434607e-11 0.000000e+00 8.870643e+07 
5.519317e-11 0.000000e+00 8.931111e+07 
5.586514e-11 0.000000e+00 8.992388e+07 
5.642462e-11 0.000000e+00 9.040306e+07 
5.693423e-11 0.000000e+00 9.079739e+07 
5.742495e-11 0.000000e+00 9.115290e+07 
5.791288e-11 0.000000e+00 9.149186e+07 
5.840854e-11 0.000000e+00 9.182550e+07 
5.892056e-11 0.000000e+00 9.216087e+07 
5.945732e-11 0.000000e+00 9.250343e+07 
6.002799e-11 0.000000e+00 9.285822e+07 
6.064354e-11 0.000000e+00 9.323041e+07 
6.131769e-11 0.000000e+00 9.362608e+07 
6.205926e-11 0.000000e+00 9.405269e+07 
6.287499e-11 0.000000e+00 9.451412e+07 
6.377229e-11 0.000000e+00 9.501282e+07 
6.457033e-11 0.000000e+00 9.555166e+07 
6.521221e-11 0.000000e+00 9.602340e+07 
6.577040e-11 0.000000e+00 9.639805e+07 
6.629299e-11 0.000000e+00 9.672031e+07 
6.680383e-11 0.000000e+00 9.701903e+07 
6.731660e-11 0.000000e+00 9.730819e+07 
6.784115e-11 0.000000e+00 9.759557e+07 
6.838625e-11 0.000000e+00 9.788643e+07 
6.896089e-11 0.000000e+00 9.818521e+07 
6.957528e-11 0.000000e+00 9.849631e+07 
7.024189e-11 0.000000e+00 9.882446e+07 
7.097517e-11 0.000000e+00 9.917531e+07 
7.178177e-11 0.000000e+00 9.955512e+07 
7.266903e-11 0.000000e+00 9.996584e+07 
7.363458e-11 0.000000e+00 1.004096e+08 
7.439579e-11 0.000000e+00 1.008840e+08 
7.501758e-11 0.000000e+00 1.012526e+08 
7.557744e-11 0.000000e+00 1.015503e+08 
7.611360e-11 0.000000e+00 1.018157e+08 
7.664502e-11 0.000000e+00 1.020674e+08 
7.718362e-11 0.000000e+00 1.023145e+08 
7.773885e-11 0.000000e+00 1.025625e+08 
7.831976e-11 0.000000e+00 1.028155e+08 
7.893616e-11 0.000000e+00 1.030772e+08 
7.959963e-11 0.000000e+00 1.033514e+08 
8.032469e-11 0.000000e+00 1.036427e+08 
8.112226e-11 0.000000e+00 1.039563e+08 
8.199958e-11 0.000000e+00 1.042958e+08 
8.296464e-11 0.000000e+00 1.046630e+08 
8.385280e-11 0.000000e+00 1.050599e+08 
8.456417e-11 0.000000e+00 1.054194e+08 
8.517617e-11 0.000000e+00 1.057038e+08 
8.574529e-11 0.000000e+00 1.059459e+08 
8.629955e-11 0.000000e+00 1.061690e+08 
8.685450e-11 0.000000e+00 1.063843e+08 
8.742110e-11 0.000000e+00 1.065978e+08 
8.800881e-11 0.000000e+00 1.068136e+08 
8.862724e-11 0.000000e+00 1.070352e+08 
8.928721e-11 0.000000e+00 1.072657e+08 
9.000190e-11 0.000000e+00 1.075086e+08 
9.078807e-11 0.000000e+00 1.077682e+08 
9.165285e-11 0.000000e+00 1.080495e+08 
9.260411e-11 0.000000e+00 1.083541e+08 
9.365049e-11 0.000000e+00 1.086835e+08 
9.448874e-11 0.000000e+00 1.090395e+08 
9.516887e-11 0.000000e+00 1.093208e+08 
9.577668e-11 0.000000e+00 1.095466e+08 
9.635623e-11 0.000000e+00 1.097465e+08 
9.692916e-11 0.000000e+00 1.099355e+08 
9.750872e-11 0.000000e+00 1.101206e+08 
9.810518e-11 0.000000e+00 1.103062e+08 
9.872823e-11 0.000000e+00 1.104954e+08 
9.938828e-11 0.000000e+00 1.106911e+08 
1.000975e-10 0.000000e+00 1.108960e+08 
1.008714e-10 0.000000e+00 1.111135e+08 
1.017226e-10 0.000000e+00 1.113475e+08 
1.026590e-10 0.000000e+00 1.116013e+08 
1.036890e-10 0.000000e+00 1.118760e+08 
1.046636e-10 0.000000e+00 1.121731e+08 
1.054417e-10 0.000000e+00 1.124500e+08 
1.061053e-10 0.000000e+00 1.126685e+08 
1.067189e-10 0.000000e+00 1.128530e+08 
1.073148e-10 0.000000e+00 1.130222e+08 
1.079104e-10 0.000000e+00 1.131850e+08 
1.085175e-10 0.000000e+00 1.133464e+08 
1.091464e-10 0.000000e+00 1.135095e+08 
1.098073e-10 0.000000e+00 1.136769e+08 
1.105116e-10 0.000000e+00 1.138510e+08 
1.112733e-10 0.000000e+00 1.140346e+08 
1.121100e-10 0.000000e+00 1.142307e+08 
1.130304e-10 0.000000e+00 1.144434e+08 
1.140429e-10 0.000000e+00 1.146739e+08 
1.151566e-10 0.000000e+00 1.149236e+08 
1.160680e-10 0.000000e+00 1.151938e+08 
1.168055e-10 0.000000e+00 1.154121e+08 
1.174604e-10 0.000000e+00 1.155870e+08 
1.180825e-10 0.000000e+00 1.157409e+08 
1.186961e-10 0.000000e+00 1.158860e+08 
1.193157e-10 0.000000e+00 1.160279e+08 
1.199526e-10 0.000000e+00 1.161700e+08 
1.206169e-10 0.000000e+00 1.163148e+08 
1.213197e-10 0.000000e+00 1.164645e+08 
1.220738e-10 0.000000e+00 1.166213e+08 
1.228953e-10 0.000000e+00 1.167878e+08 
1.237990e-10 0.000000e+00 1.169670e+08 
1.247931e-10 0.000000e+00 1.171616e+08 
1.258866e-10 0.000000e+00 1.173726e+08 
1.269473e-10 0.000000e+00 1.176011e+08 
1.277920e-10 0.000000e+00 1.178198e+08 
1.285065e-10 0.000000e+00 1.179921e+08 
1.291638e-10 0.000000e+00 1.181365e+08 
1.298006e-10 0.000000e+00 1.182683e+08 
1.304359e-10 0.000000e+00 1.183951e+08 
1.310829e-10 0.000000e+00 1.185206e+08 
1.317523e-10 0.000000e+00 1.186473e+08 
1.324550e-10 0.000000e+00 1.187774e+08 
1.332031e-10 0.000000e+00 1.189128e+08 
1.340111e-10 0.000000e+00 1.190554e+08 
1.348979e-10 0.000000e+00 1.192079e+08 
1.358733e-10 0.000000e+00 1.193733e+08 
1.369463e-10 0.000000e+00 1.195529e+08 
1.381266e-10 0.000000e+00 1.197477e+08 
1.391108e-10 0.000000e+00 1.199589e+08 
1.399053e-10 0.000000e+00 1.201330e+08 
1.406072e-10 0.000000e+00 1.202723e+08 
1.412715e-10 0.000000e+00 1.203944e+08 
1.419254e-10 0.000000e+00 1.205091e+08 
1.425848e-10 0.000000e+00 1.206213e+08 
1.432618e-10 0.000000e+00 1.207335e+08 
1.439671e-10 0.000000e+00 1.208479e+08 
1.447125e-10 0.000000e+00 1.209661e+08 
1.455115e-10 0.000000e+00 1.210900e+08 
1.463808e-10 0.000000e+00 1.212215e+08 
1.473371e-10 0.000000e+00 1.213633e+08 
1.483890e-10 0.000000e+00 1.215174e+08 
